TOTAL 8
POLYGONS 2 6 
// x y z u v r g b 
//front
1.0     1.5     0.0     0.0     0.0  1.0     0.0     0.0     
1.5     0.0     0.0     0.0     0.0  0.0     1.0     0.0     
1.0    -1.5     0.0     0.0     0.0  0.0     0.0     1.0     
-1.0   -1.5     0.0     0.0     0.0  1.0     1.0     0.0     
-1.5    0.0     0.0     0.0     0.0  0.0     1.0     1.0     
-1.0    1.5     0.0     0.0     0.0  1.0     0.0     1.0    
//back
1.0     1.5     -1.5     0.0     0.0  0.5     0.0     0.0     
1.5     0.0     -1.5     0.0     0.0  0.0     0.5     0.0     
1.0    -1.5     -1.5     0.0     0.0  0.0     0.0     0.5     
-1.0   -1.5     -1.5     0.0     0.0  0.5     0.5     0.0     
-1.5    0.0     -1.5     0.0     0.0  0.0     0.5     0.5     
-1.0    1.5     -1.5     0.0     0.0  0.5     0.0     0.5     
QUADS 6
//middle1
1.0     1.5      0.0     0.0     0.0  1.0     0.0     0.0     
1.0     1.5     -1.5     0.0     0.0  0.5     0.0     0.0     
1.5     0.0     -1.5     0.0     0.0  0.0     0.5     0.0     
1.5     0.0      0.0     0.0     0.0  0.0     1.0     0.0     
//middle2
1.5     0.0      0.0     0.0     0.0  0.0     1.0     0.0     
1.5     0.0     -1.5     0.0     0.0  0.0     0.5     0.0     
1.0    -1.5     -1.5     0.0     0.0  0.0     0.0     0.5     
1.0    -1.5      0.0     0.0     0.0  0.0     0.0     1.0     
//middle3
1.0    -1.5      0.0     0.0     0.0  0.0     0.0     1.0     
1.0    -1.5     -1.5     0.0     0.0  0.0     0.0     0.5     
-1.0    -1.5    -1.5     0.0     0.0  0.5     0.5     0.0     
-1.0    -1.5     0.0     0.0     0.0  1.0     1.0     0.0     
//middle4
-1.0    -1.5     0.0     0.0     0.0  1.0     1.0     0.0     
-1.0    -1.5    -1.5     0.0     0.0  0.5     0.5     0.0     
-1.5    0.0     -1.5     0.0     0.0  0.0     0.5     0.5     
-1.5    0.0      0.0     0.0     0.0  0.0     1.0     1.0     
//middle5
-1.5    0.0     0.0     0.0     0.0  0.0     1.0     1.0     
-1.5    0.0    -1.5     0.0     0.0  0.0     0.5     0.5     
-1.0    1.5    -1.5     0.0     0.0  0.5     0.0     0.5     
-1.0    1.5     0.0     0.0     0.0  1.0     0.0     1.0     
//middle6
-1.0    1.5     0.0     0.0     0.0  1.0     0.0     1.0     
-1.0    1.5    -1.5     0.0     0.0  0.5     0.0     0.5     
1.0     1.5    -1.5     0.0     0.0  0.5     0.0     0.0     
1.0     1.5     0.0     0.0     0.0  1.0     0.0     0.0     
